  [1] 4 1 1 1 1 1 1 1 1 1 1 1 1 1 1 4 1 1 1 1 1 1 1 1 4 4 1 1 1 4 1 1 1 1 1
 [36] 1 1 1 1 1 1 1 1 4 1 1 1 1 1 1 1 1 4 1 1 1 1 1 1 4 4 1 1 1 1 1 1 1 1 1
 [71] 1 1 1 1 1 1 1 1 1 1 1 1 1 1 1 1 1 1 1 1 1 2 1 4 4 1 1 1 1 1 2 2 4 4 4
[106] 4 1 4 1 4 3 4 3 2 4 4 4 1 1 1 4 4 1 1 1 4 1 4 4 1 4 1 1 1 1 1 1 1 1 1
[141] 1 1 1 1 1 1 1 4 1 1 1 1 1 1 1 1 1 1 1 1 1 1 1 1 4 2 1 1 2 2 2 4 4 1 4
[176] 1 1 1 1 1 1 1 1 1 1 1 1 1 1 1 1 1 1 1 1 1 1 1 1 1 1 1 1 1 1 1 4 1 1 1
[211] 1 1 1 1 1 1 1 1 1 1 1 1 1 1 1 1 1 1 1 1 1 1 1 1 1 1 1 1 1 1 1 1 4 4 2
[246] 1 1 1 1 1 1 1 1 1 1 1 1 1 1 1 1 1 1 1 1 1 1 1 1 1 1 1 4 1 4 1 1 1 1 1
[281] 1 1 1 1 1 1 1 1 1 1 1 1 1 1 1 4 1 1 1 1 1 1 1 2 4 2 4 1 1 2 4 2 2 4 2
[316] 4 3 4 2 4 4 4 4 2 4 3 4 2 2 2 2 2 2 2 1 1 1 1 1 1 1 1 1 2 1 1 1 1 4 1
[351] 1 4 1 1 2 1 1 1 4 4 1 1 1 4 1 1 4 4 2 2 2 4 2 4 2 2 4 4 2 4 2 4 1 4 1
[386] 1 4 1 1 1 1 1 2 1 1 1 1 1 1 4 1 1 3 1 1 1 1 1 2 2 3 2 4 4 2 1 4 3 4 2
[421] 4 4 4 3 3 4 2 4 2 1 4 2 4 4 4 1 2 2 4 2 3 4 1 3 1 1 1 1 1 2 2 1 1 1 3
[456] 1 4 1 1 1 1 1 1 1 1 4 1 4 4 1 1 1 2 4 3 4 2 4 3 1 4 4 4 4 2 3 4 4 4 2
[491] 2 4 4 4 4 4 1 4 1 1 4 4 1 3 1 1 1 4 1 1 1 1 1 1 1 4 4 4 4 1 3 1 4 1 1
[526] 3 1 1 1 1 4 4 1 1 1 1 1 2 4 4 4 4 4 2 4 4 4 2 4 1 4 1 4 4 4 1 1 1 1 2
[561] 4 1 4 4 1 1 2 4 2 1 1 1 1 1 1 1 4 1 2 1 1 1 1 1 1 1 1 1 4 4 4 4 1 4 4
[596] 4 4 1 4 4 4 4 1 1 1 1 1 4 2 1 1 1 1 1 1 1 1 2 1 1 2 1 1 1 1 1
Levels: 4 1 2 3
