  [1] 3 0 0 0 0 0 0 0 0 0 0 0 0 0 0 3 0 0 0 0 0 0 0 0 3 3 0 0 0 3 0 0 0 0 0 0 0 0
 [39] 0 0 0 0 0 3 0 0 0 0 0 0 0 0 3 0 0 0 0 0 0 1 3 0 0 0 0 0 0 0 0 0 0 0 0 0 0 0
 [77] 0 0 0 0 0 0 0 0 4 0 0 0 0 0 0 1 0 3 3 0 0 0 0 0 1 1 0 3 0 0 0 2 0 3 0 1 0 0
[115] 3 0 3 0 0 0 0 3 0 0 0 3 0 3 3 0 1 0 0 0 0 0 0 0 0 0 0 0 0 0 0 0 0 2 0 0 0 0
[153] 0 0 0 0 0 0 0 0 0 0 0 0 0 1 0 0 1 0 1 2 0 0 3 0 0 0 0 0 0 0 0 0 0 0 0 0 0 0
[191] 0 0 0 0 0 0 0 0 0 0 0 0 0 0 0 0 3 0 0 0 0 0 0 0 0 0 0 0 0 0 0 0 0 0 0 0 0 0
[229] 0 0 0 0 0 0 0 0 0 0 0 0 0 0 3 3 1 0 0 0 0 0 0 0 0 0 0 0 0 0 0 0 0 0 0 0 0 0
[267] 0 0 0 0 0 0 3 0 3 0 0 0 0 0 0 0 0 0 0 0 0 0 0 0 0 0 0 0 0 0 0 0 0 0 0 0 0 1
[305] 1 1 1 0 0 1 1 1 1 1 1 1 2 1 1 3 2 1 3 1 3 2 3 1 1 1 1 1 1 1 0 0 0 0 0 0 0 0
[343] 0 1 0 0 0 0 0 0 0 3 0 0 1 0 0 0 3 3 0 0 0 3 0 0 1 3 1 1 1 3 1 3 1 1 3 0 1 3
[381] 1 1 0 0 0 0 3 0 0 0 0 0 1 0 0 0 0 0 0 3 0 0 2 0 0 0 0 0 1 1 2 1 3 3 1 0 3 0
[419] 3 1 1 3 3 2 2 3 1 1 1 0 1 1 3 2 1 0 1 1 3 1 2 3 0 2 0 0 0 0 0 1 1 0 0 0 3 0
[457] 3 0 0 0 0 0 0 0 0 3 0 3 0 0 0 0 1 1 2 4 1 1 2 0 2 0 3 3 1 2 1 3 3 1 1 2 3 3
[495] 3 3 0 2 0 0 0 0 0 2 0 0 0 3 0 0 0 0 0 0 0 3 3 3 3 0 2 0 3 0 0 2 0 0 0 0 3 3
[533] 0 0 0 0 0 1 3 0 1 3 3 1 1 3 3 1 3 3 0 0 0 0 3 0 0 0 0 1 1 0 3 3 0 0 1 3 1 0
[571] 0 0 0 0 0 0 3 0 1 0 0 0 0 0 0 0 0 0 1 1 3 3 0 4 0 3 4 0 0 4 3 3 0 0 0 0 0 2
[609] 1 0 0 0 0 0 0 0 0 1 0 0 1 0 0 0 0 0
Levels: 0 1 2 3 4
